0 0 1
0.00055463105035491456 -0.99999984420874055 -6.2983271669650931e-05 0.57857925980906111
0.99999248937413654 0.0005543853758362971 0.0038358639407822647 0.033206647442800302
-0.0038358284261834543 -6.5110287872355895e-05 0.9999926410633907 0.58652010225797968
0.0 0.0 0.0 1.0
1 1 2
0.00055463275737621665 -0.99999984418436805 -6.335411754992493e-05 0.57854582437456381
0.99998542673868362 0.00055428453647010656 0.0053702028737715145 0.033206348840130656
-0.0053701669208022808 -6.6331684701363084e-05 0.99998557834968316 0.64099025174747448
0.0 0.0 0.0 1.0
2 2 3
0.00055463275737621665 -0.99999984418436805 -6.335411754992493e-05 0.57852074774456197
0.99998542673868362 0.00055428453647010656 0.0053702028737715145 0.033206348840130656
-0.0053701669208022808 -6.6331684701363084e-05 0.99998557834968316 0.69556719447132787
0.0 0.0 0.0 1.0
3 3 4
0.00055463105035491456 -0.99999984420874055 -6.2983271669650931e-05 0.57847560973838685
0.99999248937413654 0.0005543853758362971 0.0038358639407822647 0.033206647442800302
-0.0038358284261834543 -6.5110287872355895e-05 0.9999926410633907 0.74992603001702651
0.0 0.0 0.0 1.0
4 4 5
0.00055463105035491456 -0.99999984420874055 -6.2983271669650931e-05 0.57843548713038384
0.99999248937413654 0.0005543853758362971 0.0038358639407822647 0.033206647442800302
-0.0038358284261834543 -6.5110287872355895e-05 0.9999926410633907 0.80463276963934638
0.0 0.0 0.0 1.0
5 5 6
0.00055463275737621665 -0.99999984418436805 -6.335411754992493e-05 0.57842378477522149
0.99998542673868362 0.00055428453647010656 0.0053702028737715145 0.033206348840130656
-0.0053701669208022808 -6.6331684701363084e-05 0.99998557834968316 0.85926985916491849
0.0 0.0 0.0 1.0
6 6 7
0.00055463105035491456 -0.99999984420874055 -6.2983271669650931e-05 0.57841542582638239
0.99999248937413654 0.0005543853758362971 0.0038358639407822647 0.033206647442800302
-0.0038358284261834543 -6.5110287872355895e-05 0.9999926410633907 0.91362930696013811
0.0 0.0 0.0 1.0
7 7 8
0.00055463275737621665 -0.99999984418436805 -6.335411754992493e-05 0.57841041057255382
0.99998542673868362 0.00055428453647010656 0.0053702028737715145 0.033206348840130656
-0.0053701669208022808 -6.6331684701363084e-05 0.99998557834968316 0.96830088654206381
0.0 0.0 0.0 1.0
8 8 9
0.00055463105035491456 -0.99999984420874055 -6.2983271669650931e-05 0.57839369274704744
0.99999248937413654 0.0005543853758362971 0.0038358639407822647 0.033206647442800302
-0.0038358284261834543 -6.5110287872355895e-05 0.9999926410633907 1.0230580924428048
0.0 0.0 0.0 1.0
9 9 10
0.00055463275737621665 -0.99999984418436805 -6.335411754992493e-05 0.57836025731255014
0.99998542673868362 0.00055428453647010656 0.0053702028737715145 0.033206348840130656
-0.0053701669208022808 -6.6331684701363084e-05 0.99998557834968316 1.0773957919525747
0.0 0.0 0.0 1.0
10 10 11
0.00055463105035491456 -0.99999984420874055 -6.2983271669650931e-05 0.57833518061037648
0.99999248937413654 0.0005543853758362971 0.0038358639407822647 0.033206647442800302
-0.0038358284261834543 -6.5110287872355895e-05 0.9999926410633907 1.131977486323942
0.0 0.0 0.0 1.0
11 11 12
0.00055463275737621665 -0.99999984418436805 -6.335411754992493e-05 0.57833183713188141
0.99998542673868362 0.00055428453647010656 0.0053702028737715145 0.033206348840130656
-0.0053701669208022808 -6.6331684701363084e-05 0.99998557834968316 1.1864825340361371
0.0 0.0 0.0 1.0
12 12 13
0.00055463275737621665 -0.99999984418436805 -6.335411754992493e-05 0.69238870925695029
0.99998542673868362 0.00055428453647010656 0.0053702028737715145 0.033206348840130656
-0.0053701669208022808 -6.6331684701363084e-05 0.99998557834968316 1.1865319221641704
0.0 0.0 0.0 1.0
13 13 14
0.00055463105035491456 -0.99999984420874055 -6.2983271669650931e-05 0.69244554954611603
0.99999248937413654 0.0005543853758362971 0.0038358639407822647 0.033206647442800302
-0.0038358284261834543 -6.5110287872355895e-05 0.9999926410633907 1.1320219764558064
0.0 0.0 0.0 1.0
14 14 15
0.00055463275737621665 -0.99999984418436805 -6.335411754992493e-05 0.69246393914695592
0.99998542673868362 0.00055428453647010656 0.0053702028737715145 0.033206348840130656
-0.0053701669208022808 -6.6331684701363084e-05 0.99998557834968316 1.0772831380406982
0.0 0.0 0.0 1.0
15 15 16
0.00055463275737621665 -0.99999984418436805 -6.335411754992493e-05 0.69246728269762281
0.99998542673868362 0.00055428453647010656 0.0053702028737715145 0.033206348840130656
-0.0053701669208022808 -6.6331684701363084e-05 0.99998557834968316 1.0229945648412675
0.0 0.0 0.0 1.0
16 16 17
0.00055463275737621665 -0.99999984418436805 -6.335411754992493e-05 0.69246895447295631
0.99998542673868362 0.00055428453647010656 0.0053702028737715145 0.033206348840130656
-0.0053701669208022808 -6.6331684701363084e-05 0.99998557834968316 0.96837374423507117
0.0 0.0 0.0 1.0
17 17 18
0.00055463275737621665 -0.99999984418436805 -6.335411754992493e-05 0.69246895447295631
0.99998542673868362 0.00055428453647010656 0.0053702028737715145 0.033206348840130656
-0.0053701669208022808 -6.6331684701363084e-05 0.99998557834968316 0.91379333209726565
0.0 0.0 0.0 1.0
18 18 19
0.00055463275737621665 -0.99999984418436805 -6.335411754992493e-05 0.69247062624828981
0.99998542673868362 0.00055428453647010656 0.0053702028737715145 0.033206348840130656
-0.0053701669208022808 -6.6331684701363084e-05 0.99998557834968316 0.85889801962245704
0.0 0.0 0.0 1.0
19 19 20
0.00055463275737621665 -0.99999984418436805 -6.335411754992493e-05 0.6924739697989567
0.99998542673868362 0.00055428453647010656 0.0053702028737715145 0.033206348840130656
-0.0053701669208022808 -6.6331684701363084e-05 0.99998557834968316 0.80460618109224813
0.0 0.0 0.0 1.0
20 20 21
0.00055463275737621665 -0.99999984418436805 -6.335411754992493e-05 0.69247731334962359
0.99998542673868362 0.00055428453647010656 0.0053702028737715145 0.033206348840130656
-0.0053701669208022808 -6.6331684701363084e-05 0.99998557834968316 0.7500588304285799
0.0 0.0 0.0 1.0
21 21 22
0.00055463275737621665 -0.99999984418436805 -6.335411754992493e-05 0.69247731334962359
0.99998542673868362 0.00055428453647010656 0.0053702028737715145 0.033206348840130656
-0.0053701669208022808 -6.6331684701363084e-05 0.99998557834968316 0.69554413307270169
0.0 0.0 0.0 1.0
22 22 23
0.00055463105035491456 -0.99999984420874055 -6.2983271669650931e-05 0.69248567215411905
0.99999248937413654 0.0005543853758362971 0.0038358639407822647 0.033206647442800302
-0.0038358284261834543 -6.5110287872355895e-05 0.9999926410633907 0.64101051371618978
0.0 0.0 0.0 1.0
23 23 24
0.00055463105035491456 -0.99999984420874055 -6.2983271669650931e-05 0.69249403103078633
0.99999248937413654 0.0005543853758362971 0.0038358639407822647 0.033206647442800302
-0.0038358284261834543 -6.5110287872355895e-05 0.9999926410633907 0.58665398081992104
0.0 0.0 0.0 1.0
24 24 25
0.00055463105035491456 -0.99999984420874055 -6.2983271669650931e-05 0.81070860841016135
0.99999248937413654 0.0005543853758362971 0.0038358639407822647 0.033206647442800302
-0.0038358284261834543 -6.5110287872355895e-05 0.9999926410633907 0.58653642891187607
0.0 0.0 0.0 1.0
25 25 26
-0.00097970031926841727 -0.99999951753068683 -7.1593839446512739e-05 0.81068083067791108
0.99998510063626789 -0.0009800706612412835 0.0053700993446888553 0.033456382054245809
-0.0053701669208022808 -6.6331684701363084e-05 0.99998557834968316 0.6411090281545625
0.0 0.0 0.0 1.0
26 26 27
0.00055463275737621665 -0.99999984418436805 -6.335411754992493e-05 0.81091758039901474
0.99998542673868362 0.00055428453647010656 0.0053702028737715145 0.033206348840130656
-0.0053701669208022808 -6.6331684701363084e-05 0.99998557834968316 0.69568046063272593
0.0 0.0 0.0 1.0
27 27 28
0.00055463275737621665 -0.99999984418436805 -6.335411754992493e-05 0.81097609253568548
0.99998542673868362 0.00055428453647010656 0.0053702028737715145 0.033206348840130656
-0.0053701669208022808 -6.6331684701363084e-05 0.99998557834968316 0.75021291322471495
0.0 0.0 0.0 1.0
28 28 29
0.00055463105035491456 -0.99999984420874055 -6.2983271669650931e-05 0.81098277956484743
0.99999248937413654 0.0005543853758362971 0.0038358639407822647 0.033206647442800302
-0.0038358284261834543 -6.5110287872355895e-05 0.9999926410633907 0.80482889356926213
0.0 0.0 0.0 1.0
29 29 30
0.00055463275737621665 -0.99999984418436805 -6.335411754992493e-05 0.81099782561502032
0.99998542673868362 0.00055428453647010656 0.0053702028737715145 0.033206348840130656
-0.0053701669208022808 -6.6331684701363084e-05 0.99998557834968316 0.85910006196440947
0.0 0.0 0.0 1.0
30 30 31
0.00055463275737621665 -0.99999984418436805 -6.335411754992493e-05 0.81099782561502032
0.99998542673868362 0.00055428453647010656 0.0053702028737715145 0.033206348840130656
-0.0053701669208022808 -6.6331684701363084e-05 0.99998557834968316 0.91380210767373404
0.0 0.0 0.0 1.0
31 31 32
0.00055463105035491456 -0.99999984420874055 -6.2983271669650931e-05 0.81100785619484916
0.99999248937413654 0.0005543853758362971 0.0038358639407822647 0.033206647442800302
-0.0038358284261834543 -6.5110287872355895e-05 0.9999926410633907 0.96833441391706843
0.0 0.0 0.0 1.0
32 32 33
0.00055463105035491456 -0.99999984420874055 -6.2983271669650931e-05 0.81100618441951566
0.99999248937413654 0.0005543853758362971 0.0038358639407822647 0.033206647442800302
-0.0038358284261834543 -6.5110287872355895e-05 0.9999926410633907 1.0228087028045563
0.0 0.0 0.0 1.0
33 33 34
0.00055463105035491456 -0.99999984420874055 -6.2983271669650931e-05 0.81100618441951566
0.99999248937413654 0.0005543853758362971 0.0038358639407822647 0.033206647442800302
-0.0038358284261834543 -6.5110287872355895e-05 0.9999926410633907 1.0775682999688612
0.0 0.0 0.0 1.0
34 34 35
0.00055463275737621665 -0.99999984418436805 -6.335411754992493e-05 0.81101119981768788
0.99998542673868362 0.00055428453647010656 0.0053702028737715145 0.033206348840130656
-0.0053701669208022808 -6.6331684701363084e-05 0.99998557834968316 1.1319543671907959
0.0 0.0 0.0 1.0
35 35 36
-0.00097971286287668047 -0.9999995177097829 -6.8868773720161215e-05 0.8109449706502625
0.99999216326078844 -0.00097996982203174543 0.0038357627868143979 0.033456680656453242
-0.003835828426183456 -6.5110287872356112e-05 0.99999264106339059 1.1864527956272983
0.0 0.0 0.0 1.0
36 36 37
0.00055463105035491456 -0.99999984420874055 -6.2983271669650931e-05 0.92948991762757704
0.99999248937413654 0.0005543853758362971 0.0038358639407822647 0.033206647442800302
-0.0038358284261834543 -6.5110287872355895e-05 0.9999926410633907 1.186575449614685
0.0 0.0 0.0 1.0
37 37 38
0.00055463105035491456 -0.99999984420874055 -6.2983271669650931e-05 0.92960861367625203
0.99999248937413654 0.0005543853758362971 0.0038358639407822647 0.033206647442800302
-0.0038358284261834543 -6.5110287872355895e-05 0.9999926410633907 1.1320354459452699
0.0 0.0 0.0 1.0
38 38 39
0.00055463275737621665 -0.99999984418436805 -6.335411754992493e-05 0.92966378233442781
0.99998542673868362 0.00055428453647010656 0.0053702028737715145 0.033206348840130656
-0.0053701669208022808 -6.6331684701363084e-05 0.99998557834968316 1.0774406902507865
0.0 0.0 0.0 1.0
39 39 40
0.00055463275737621665 -0.99999984418436805 -6.335411754992493e-05 0.92967046943576159
0.99998542673868362 0.00055428453647010656 0.0053702028737715145 0.033206348840130656
-0.0053701669208022808 -6.6331684701363084e-05 0.99998557834968316 1.0229272173939503
0.0 0.0 0.0 1.0
40 40 41
0.00055463275737621665 -0.99999984418436805 -6.335411754992493e-05 0.92968718718909604
0.99998542673868362 0.00055428453647010656 0.0053702028737715145 0.033206348840130656
-0.0053701669208022808 -6.6331684701363084e-05 0.99998557834968316 0.96832598877242837
0.0 0.0 0.0 1.0
41 41 42
0.00055463105035491456 -0.99999984420874055 -6.2983271669650931e-05 0.92969721776892489
0.99999248937413654 0.0005543853758362971 0.0038358639407822647 0.033206647442800302
-0.0038358284261834543 -6.5110287872355895e-05 0.9999926410633907 0.91380441032316417
0.0 0.0 0.0 1.0
42 42 43
0.00055463105035491456 -0.99999984420874055 -6.2983271669650931e-05 0.92973566860159429
0.99999248937413654 0.0005543853758362971 0.0038358639407822647 0.033206647442800302
-0.0038358284261834543 -6.5110287872355895e-05 0.9999926410633907 0.85888215886942887
0.0 0.0 0.0 1.0
43 43 44
0.00055463105035491456 -0.99999984420874055 -6.2983271669650931e-05 0.92977746298493058
0.99999248937413654 0.0005543853758362971 0.0038358639407822647 0.033206647442800302
-0.0038358284261834543 -6.5110287872355895e-05 0.9999926410633907 0.80475154604643417
0.0 0.0 0.0 1.0
44 44 45
0.00055463275737621665 -0.99999984418436805 -6.335411754992493e-05 0.92983764696910676
0.99998542673868362 0.00055428453647010656 0.0053702028737715145 0.033206348840130656
-0.0053701669208022808 -6.6331684701363084e-05 0.99998557834968316 0.75027046467969583
0.0 0.0 0.0 1.0
45 45 46
0.00055463105035491456 -0.99999984420874055 -6.2983271669650931e-05 0.92988278483093811
0.99999248937413654 0.0005543853758362971 0.0038358639407822647 0.033206647442800302
-0.0038358284261834543 -6.5110287872355895e-05 0.9999926410633907 0.69572296766737296
0.0 0.0 0.0 1.0
46 46 47
0.00055463105035491456 -0.99999984420874055 -6.2983271669650931e-05 0.92992457921427452
0.99999248937413654 0.0005543853758362971 0.0038358639407822647 0.033206647442800302
-0.0038358284261834543 -6.5110287872355895e-05 0.9999926410633907 0.64110439197608726
0.0 0.0 0.0 1.0
47 47 48
0.00055463105035491456 -0.99999984420874055 -6.2983271669650931e-05 0.92998643490161226
0.99999248937413654 0.0005543853758362971 0.0038358639407822647 0.033206647442800302
-0.0038358284261834543 -6.5110287872355895e-05 0.9999926410633907 0.58645438747605338
0.0 0.0 0.0 1.0
48 48 49
0.00055463105035491456 -0.99999984420874055 -6.2983271669650931e-05 1.0475072255176028
0.99999248937413654 0.0005543853758362971 0.0038358639407822647 0.033206647442800302
-0.0038358284261834543 -6.5110287872355895e-05 0.9999926410633907 0.58669173620705406
0.0 0.0 0.0 1.0
49 49 50
0.00055463275737621665 -0.99999984418436805 -6.335411754992493e-05 1.0475874708057802
0.99998542673868362 0.00055428453647010656 0.0053702028737715145 0.033206348840130656
-0.0053701669208022808 -6.6331684701363084e-05 0.99998557834968316 0.64116433469463296
0.0 0.0 0.0 1.0